1 0.039600 
2 0.152127 
3 0.515939 
4 0.998984 
5 0.004060 
6 0.016176 
7 0.063657 
8 0.238418 
9 0.726300 
10 0.795154 
11 0.651537 
12 0.908147 
13 0.333665 
14 0.889331 
15 0.393686 
16 0.954789 
17 0.172666 
18 0.571411 
19 0.979602 
20 0.079928 
21 0.294159 
22 0.830518 
23 0.563031 
24 0.984108 
25 0.062556 
26 0.234571 
27 0.718190 
28 0.809572 
29 0.616660 
30 0.945562 
31 0.205899 
32 0.654018 
33 0.905114 
34 0.343529 
35 0.902068 
36 0.353366 
37 0.913994 
38 0.314436 
39 0.862263 
40 0.475061 
41 0.997512 
42 0.009926 
43 0.039311 
44 0.151063 
45 0.512973 
46 0.999327 
47 0.002691 
48 0.010735 
49 0.042479 
50 0.162697 
51 0.544905 
52 0.991934 
53 0.032004 
54 0.123918 
55 0.434250 
56 0.982708 
57 0.067973 
58 0.253412 
59 0.756778 
60 0.736261 
61 0.776723 
62 0.693697 
63 0.849926 
64 0.510208 
65 0.999583 
66 0.001667 
67 0.006655 
68 0.026442 
69 0.102973 
70 0.369478 
71 0.931856 
72 0.254001 
73 0.757939 
74 0.733870 
75 0.781219 
76 0.683664 
77 0.865070 
78 0.466897 
79 0.995617 
80 0.017456 
81 0.068607 
82 0.255599 
83 0.761073 
84 0.727364 
85 0.793222 
86 0.656084 
87 0.902551 
88 0.351810 
89 0.912158 
90 0.320502 
91 0.871122 
92 0.449075 
93 0.989626 
94 0.041064 
95 0.157511 
96 0.530805 
97 0.996204 
98 0.015125 
99 0.059586 
100 0.224142 
101 0.695610 
102 0.846947 
103 0.518510 
104 0.998630 
105 0.005474 
106 0.021777 
107 0.085212 
108 0.311803 
109 0.858327 
110 0.486406 
111 0.999261 
112 0.002955 
113 0.011783 
114 0.046577 
115 0.177632 
116 0.584316 
117 0.971563 
118 0.110512 
119 0.393196 
120 0.954372 
121 0.174185 
122 0.575378 
123 0.977273 
124 0.088843 
125 0.323801 
126 0.875815 
127 0.435052 
128 0.983127 
129 0.066353 
130 0.247803 
131 0.745586 
132 0.758750 
133 0.732194 
134 0.784343 
135 0.676595 
136 0.875256 
137 0.436731 
138 0.983988 
139 0.063022 
140 0.236200 
141 0.721639 
142 0.803504 
143 0.631541 
144 0.930788 
145 0.257686 
146 0.765136 
147 0.718812 
148 0.808486 
149 0.619346 
150 0.943026 
151 0.214912 
152 0.674898 
153 0.877642 
154 0.429545 
155 0.980144 
156 0.077846 
157 0.287145 
158 0.818770 
159 0.593542 
160 0.964999 
161 0.135102 
162 0.467399 
163 0.995749 
164 0.016933 
165 0.066585 
166 0.248606 
167 0.747205 
168 0.755560 
169 0.738757 
170 0.771981 
171 0.704106 
172 0.833363 
173 0.555477 
174 0.987689 
175 0.048638 
176 0.185088 
177 0.603323 
178 0.957298 
179 0.163515 
180 0.547112 
181 0.991122 
182 0.035197 
183 0.135832 
184 0.469527 
185 0.996286 
186 0.014803 
187 0.058334 
188 0.219726 
189 0.685786 
190 0.861934 
191 0.476015 
192 0.997699 
193 0.009184 
194 0.036397 
195 0.140289 
196 0.482433 
197 0.998766 
198 0.004932 
199 0.019629 
200 0.076975 
201 0.284200 
202 0.813721 
203 0.606317 
204 0.954787 
205 0.172676 
206 0.571435 
207 0.979588 
208 0.079981 
209 0.294336 
210 0.830810 
211 0.562259 
212 0.984495 
213 0.061057 
214 0.229317 
215 0.706923 
216 0.828732 
217 0.567740 
218 0.981645 
219 0.072072 
220 0.267512 
221 0.783797 
222 0.677838 
223 0.873495 
224 0.442007 
225 0.986547 
226 0.053087 
227 0.201076 
228 0.642578 
229 0.918687 
230 0.298806 
231 0.838084 
232 0.542797 
233 0.992674 
234 0.029090 
235 0.112975 
236 0.400847 
237 0.960675 
238 0.151114 
239 0.513113 
240 0.999312 
241 0.002750 
242 0.010968 
243 0.043390 
244 0.166029 
245 0.553854 
246 0.988399 
247 0.045866 
248 0.175049 
249 0.577627 
250 0.975896 
251 0.094091 
252 0.340953 
253 0.898816 
254 0.363783 
255 0.925780 
256 0.274846 
257 0.797223 
258 0.646634 
259 0.913994 
260 0.314435 
261 0.862263 
262 0.475063 
263 0.997513 
264 0.009925 
265 0.039305 
266 0.151040 
267 0.512907 
268 0.999334 
269 0.002664 
270 0.010626 
271 0.042054 
272 0.161142 
273 0.540701 
274 0.993374 
275 0.026330 
276 0.102545 
277 0.368119 
278 0.930430 
279 0.258920 
280 0.767522 
281 0.713728 
282 0.817281 
283 0.597330 
284 0.962107 
285 0.145827 
286 0.498246 
287 0.999988 
288 0.000049 
289 0.000197 
290 0.000787 
291 0.003147 
292 0.012547 
293 0.049558 
294 0.188408 
295 0.611643 
296 0.950144 
297 0.189482 
298 0.614315 
299 0.947728 
300 0.198159 
301 0.635567 
302 0.926486 
303 0.272439 
304 0.792863 
305 0.656924 
306 0.901499 
307 0.355194 
308 0.916125 
309 0.307360 
310 0.851559 
311 0.505625 
312 0.999873 
313 0.000506 
314 0.002024 
315 0.008079 
316 0.032057 
317 0.124116 
318 0.434845 
319 0.983019 
320 0.066769 
321 0.249244 
322 0.748485 
323 0.753021 
324 0.743921 
325 0.762010 
326 0.725402 
327 0.796775 
328 0.647699 
329 0.912740 
330 0.318582 
331 0.868349 
332 0.457275 
333 0.992698 
334 0.028993 
335 0.112611 
336 0.399721 
337 0.959776 
338 0.154424 
339 0.522308 
340 0.998009 
341 0.007946 
342 0.031533 
343 0.122153 
344 0.428928 
345 0.979795 
346 0.079188 
347 0.291668 
348 0.826390 
349 0.573877 
350 0.978169 
351 0.085419 
352 0.312490 
353 0.859360 
354 0.483443 
355 0.998903 
356 0.004381 
357 0.017449 
358 0.068577 
359 0.255497 
360 0.760873 
361 0.727780 
362 0.792464 
363 0.657858 
364 0.900323 
365 0.358965 
366 0.920437 
367 0.292932 
368 0.828492 
369 0.568372 
370 0.981301 
371 0.073396 
372 0.272036 
373 0.792131 
374 0.658639 
375 0.899335 
376 0.362128 
377 0.923965 
378 0.281016 
379 0.808183 
380 0.620092 
381 0.942312 
382 0.217441 
383 0.680641 
384 0.869475 
385 0.453954 
386 0.991519 
387 0.033636 
388 0.130020 
389 0.452460 
390 0.990960 
391 0.035834 
392 0.138201 
393 0.476406 
394 0.997773 
395 0.008887 
396 0.035231 
397 0.135960 
398 0.469900 
399 0.996376 
